 ##### ############# # ##### ######### # 
#.....#.............#.#.....#.........#O#
 ##.#.###.#########.#.#.#.#.#####.###.#.#
#...#.....#...#...#.#...#.#.....#...#...#
#.## ######.#.#.#.#.#####.#####.###.#### 
#...#.......#.#.#.#.....#...#.#.#...#...#
#.#.#.#######.###.#####.###.#.#.#.###.#.#
#.#...#.....#...#.....#...#.#...#.#...#.#
#.#######.#.###.###.#.###.#.#.###.#.###.#
#.........#...#...#.#.....#.#.....#.#...#
 ############.###.#.#######.#######.#.## 
#...............#.#.....#...#.......#...#
#.###############.#####.#.###.#########.#
#.#.......#.#.....#...#...#...#.......#.#
#.#####.#.#.#.#####.#.###.#.###.#####.#.#
#.......#...#...#...#.....#.#.#...#...#.#
 ##########.###.###########.#.#.#.#####.#
#...#.#.....#.#...#...#.....#...#.....#.#
#.#.#.#.#####.###.#.#.#.#####.## ####.#.#
#.#...#.#.....#...#.#...#...#...#...#.#.#
#.#####.#.#.#.#.#.#.#######.###.#.#.#.#.#
#.#.....#.#.#.#.#.#..@#.......#.#.#.#...#
#.#.#######.###.#######.#.###.#.#.#.#### 
#.#.#.....#.#...#.....#.#.#...#...#...#.#
#.#.#.###.#.#.###.#.#.###.###########.#.#
#.#...#...#.#...#.#.#.....#.........#...#
#.#####.###.###.#.#.#######.#######.###.#
#.#...#.#.....#.#.#.....#...#.....#.....#
#.#.#.#.#####.#.#.#####.#.###.###.###### 
#...#.#.#...#.#...#...#...#.....#.......#
#.###.#.#.#.#.#######.#####.#######.#.#.#
#.#...#...#...#.........#...#.#...#.#.#.#
 ##.#########.#####.###.#.###.#.#.#.#.#.#
#...#.........#.....#...#.#...#.#.#.#.#.#
#.#.#.#########.#####.###.###.#.#.###.#.#
#.#.#.#.......#.....#.#.......#.#.....#.#
#.###.#######.#.###.#.###.#####.#######.#
#.....#.....#...#...#...#.#.....#.......#
#.#####.###.#####.#####.###.#####.###### 
#.......#.........#.........#...........#
 ####### ######### ######### ########### 
[(0, 0), (-1, 0), (-2, 0), (-2, -1), (-2, -2), (-2, -3), (-2, -4), (-1, -4), (0, -4), (0, -3), (0, -2), (1, -2), (2, -2), (2, -3), (2, -4), (3, -4), (4, -4), (5, -4), (6, -4), (6, -5), (6, -6), (6, -7), (6, -8), (7, -8), (8, -8), (8, -9), (8, -10), (9, -10), (10, -10), (11, -10), (12, -10), (13, -10), (14, -10), (14, -11), (14, -12), (14, -13), (14, -14), (15, -14), (16, -14), (16, -15), (16, -16), (17, -16), (18, -16), (18, -15), (18, -14), (18, -13), (18, -12), (17, -12), (16, -12), (16, -11), (16, -10), (17, -10), (18, -10), (18, -9), (18, -8), (18, -7), (18, -6), (18, -5), (18, -4), (18, -3), (18, -2), (18, -1), (18, 0), (17, 0), (16, 0), (16, -1), (16, -2), (16, -3), (16, -4), (15, -4), (14, -4), (13, -4), (12, -4), (12, -5), (12, -6), (11, -6), (10, -6), (10, -5), (10, -4), (9, -4), (8, -4), (8, -3), (8, -2), (9, -2), (10, -2), (10, -1), (10, 0), (10, 1), (10, 2), (11, 2), (12, 2), (12, 1), (12, 0), (12, -1), (12, -2), (13, -2), (14, -2), (14, -1), (14, 0), (14, 1), (14, 2), (15, 2), (16, 2), (16, 3), (16, 4), (17, 4), (18, 4), (18, 5), (18, 6), (17, 6), (16, 6), (15, 6), (14, 6), (14, 5), (14, 4), (13, 4), (12, 4), (11, 4), (10, 4), (9, 4), (8, 4), (7, 4), (6, 4), (6, 5), (6, 6), (5, 6), (4, 6), (4, 7), (4, 8), (3, 8), (2, 8), (2, 7), (2, 6), (1, 6), (0, 6), (-1, 6), (-2, 6), (-2, 5), (-2, 4), (-2, 3), (-2, 2), (-3, 2), (-4, 2), (-4, 3), (-4, 4), (-4, 5), (-4, 6), (-4, 7), (-4, 8), (-5, 8), (-6, 8), (-6, 7), (-6, 6), (-6, 5), (-6, 4), (-7, 4), (-8, 4), (-8, 3), (-8, 2), (-7, 2), (-6, 2), (-6, 1), (-6, 0), (-6, -1), (-6, -2), (-5, -2), (-4, -2), (-4, -3), (-4, -4), (-5, -4), (-6, -4), (-6, -5), (-6, -6), (-7, -6), (-8, -6), (-8, -7), (-8, -8), (-7, -8), (-6, -8), (-5, -8), (-4, -8), (-4, -9), (-4, -10), (-4, -11), (-4, -12), (-5, -12), (-6, -12), (-6, -13), (-6, -14), (-7, -14), (-8, -14), (-8, -15), (-8, -16), (-8, -17), (-8, -18), (-9, -18), (-10, -18), (-10, -17), (-10, -16), (-11, -16), (-12, -16), (-13, -16), (-14, -16), (-15, -16), (-16, -16), (-16, -15), (-16, -14), (-17, -14), (-18, -14), (-18, -15), (-18, -16), (-19, -16), (-20, -16), (-20, -17), (-20, -18), (-19, -18), (-18, -18), (-18, -19), (-18, -20), (-17, -20), (-16, -20), (-16, -19), (-16, -18), (-15, -18), (-14, -18), (-13, -18), (-12, -18), (-12, -19), (-12, -20), (-11, -20), (-10, -20), (-9, -20), (-8, -20), (-7, -20), (-6, -20), (-5, -20), (-4, -20), (-3, -20), (-2, -20), (-2, -19), (-2, -18), (-2, -17), (-2, -16), (-1, -16), (0, -16), (1, -16), (2, -16), (2, -15), (2, -14), (3, -14), (4, -14), (4, -13), (4, -12), (3, -12), (2, -12), (1, -12), (0, -12), (0, -13), (0, -14), (-1, -14), (-2, -14), (-2, -13), (-2, -12), (-2, -11), (-2, -10), (-1, -10), (0, -10), (1, -10), (2, -10), (2, -9), (2, -8), (3, -8), (4, -8), (4, -9), (4, -10), (5, -10), (6, -10), (6, -11), (6, -12), (6, -13), (6, -14), (6, -15), (6, -16), (5, -16), (4, -16), (4, -17), (4, -18), (4, -19), (4, -20), (5, -20), (6, -20), (6, -19), (6, -18), (7, -18), (8, -18), (9, -18), (10, -18), (10, -17), (10, -16), (10, -15), (10, -14), (9, -14), (8, -14), (8, -13), (8, -12), (9, -12), (10, -12), (11, -12), (12, -12), (12, -13), (12, -14), (12, -15), (12, -16), (13, -16), (14, -16), (14, -17), (14, -18), (13, -18), (12, -18), (12, -19), (12, -20), (13, -20), (14, -20), (15, -20), (16, -20), (16, -19), (16, -18), (17, -18), (18, -18), (18, -19), (18, -20)]
330
352
